 MLXC         CTA2            -4206.3904    12289.6029     2539.9962
 26.661961940862E-08     17.774641293908E-09     14.219713035126E-08
 71.098565175632E-09     17.774641293908E-09
 23.107033682080E-08
 MLXC         ENSG             5104.9122    -4595.9261    -5041.9368
 50.541173681618E-08     83.081381394440E-09     29.078483488054E-08
 11.077517519259E-08     55.387587596293E-09
 41.540690697220E-08
 BANON        ENSG             4822.7190    11505.6974    -6348.5905
 78.750156722209E-08     13.295481005048E-08     41.931901631306E-08
 18.409127545452E-08     92.045637727258E-09
 64.431946409080E-08
 BANON        ENSG             4822.7139    11505.7003    -6348.6328
 49.069825834403E-08    -29.441895500642E-09     21.590723367138E-08
 10.795361683569E-08     98.139651668807E-10
 41.218653700899E-08
 MLXC         ENSG             5104.9284    -4595.9190    -5041.9232
 48.143141104903E-08    -22.925305288049E-09     19.104421073374E-08
 99.342989581546E-09     15.283536858699E-09
 29.038720031529E-08
 CTA2         MLXC             4206.3957   -12289.6095    -2540.0077
 23.997888571833E-08     35.118861324634E-09     12.876915819032E-08
 58.531435541056E-09     23.412574216422E-09
 19.900688083959E-08
 CTA2         MLXC             4206.3621   -12289.6284    -2540.0510
 17.851957535515E-06     53.966487182936E-07     54.846375560919E-07
 61.689951834117E-07     18.673186688299E-07
 44.287715025127E-07
 ENSG         MLXC            -5104.9031     4595.9156     5041.9432
 24.602066181901E-08    -16.401377454601E-09     10.387539054580E-08
 43.737006545602E-09      0.000000000000E+00
 15.854664872781E-08
 MLXC         NIO2             6047.9471     1212.6397    -6793.0050
 21.226540621420E-08     30.323629459171E-09     11.118664135029E-08
 50.539382431951E-09     20.215752972781E-09
 17.183390026863E-08
 ENSG         NIO2              943.0408     5808.5606    -1751.0760
 35.464483623598E-08    -21.278690174159E-09     15.604372794383E-08
 78.021863971915E-09     14.185793449439E-09
 24.115848864047E-08
 MLXC         NIO2             6047.9667     1212.6417    -6792.9975
 42.399223152206E-08    -18.042222617960E-09     18.042222617960E-08
 90.211113089800E-09     18.042222617960E-09
 29.769667319634E-08
 ENSG         NIO2              943.0446     5808.5660    -1751.0777
 28.961398673049E-08     13.791142225262E-09     13.791142225262E-08
 68.955711126308E-09     13.791142225262E-09
 20.686713337892E-08
 NIO2         ORA7             1820.4612     8432.1149    -2605.6743
 21.927659153288E-08     27.409573941611E-09     12.060212534309E-08
 49.337233094899E-09     21.927659153288E-09
 18.090318801463E-08
 NIO2         ORA7             1820.4683     8432.1220    -2605.6818
 32.476008047666E-08    -14.761821839848E-09     14.023730747856E-08
 66.428198279316E-09     14.761821839848E-09
 22.142732759772E-08
 NIO2         ORA7             1820.4811     8432.1179    -2605.6760
 12.829959522335E-08     85.533063482236E-10     59.873144437565E-09
 34.213225392894E-09     85.533063482236E-10
 10.263967617868E-08
 NIO2         VLX1             5264.1964    -2310.8468    -4761.6058
 13.171488827183E-08     18.816412610262E-09     68.993512904294E-09
 31.360687683770E-09     12.544275073508E-09
 10.662633812482E-08
 NIO2         VLX1             5264.1925    -2310.8341    -4761.6136
 30.327308556257E-08    -13.785140252844E-09     13.785140252844E-08
 62.033131137798E-09     13.785140252844E-09
 20.677710379266E-08
